static model, emax not calculated
 married women moments
  Age    No Kids    1 Kid    2 Kids    3+ Kids      Wage    unemployment    full    part
-----  ---------  -------  --------  ---------  --------  --------------  ------  ------
17.00       0.15     0.85      0.00       0.00  19941.78            0.54    0.08    0.38
18.00       0.16     0.84      0.00       0.00  18140.74            0.30    0.14    0.57
19.00       0.10     0.83      0.07       0.00  16922.72            0.21    0.14    0.64
20.00       0.06     0.77      0.17       0.00  20035.70            0.13    0.17    0.70
21.00       0.02     0.77      0.21       0.00  18326.32            0.13    0.15    0.72
22.00       0.00     0.71      0.27       0.02  20771.44            0.18    0.12    0.69
23.00       0.00     0.73      0.27       0.00  28259.89            0.14    0.09    0.77
24.00       0.00     0.69      0.23       0.08  22079.04            0.06    0.10    0.83
25.00       0.00     0.69      0.27       0.04  27597.91            0.13    0.07    0.80
26.00       0.00     0.62      0.32       0.06  23654.71            0.09    0.09    0.83
27.00       0.00     0.64      0.28       0.08  25878.25            0.06    0.08    0.86
28.00       0.00     0.64      0.25       0.11  25925.37            0.09    0.07    0.84
29.00       0.00     0.61      0.27       0.12  27805.44            0.06    0.10    0.84
30.00       0.00     0.60      0.28       0.11  30100.41            0.04    0.09    0.87
31.00       0.00     0.63      0.29       0.08  28084.69            0.04    0.08    0.88
32.00       0.00     0.62      0.30       0.08  35912.27            0.04    0.06    0.90
33.00       0.00     0.62      0.29       0.09  31783.58            0.00    0.07    0.93
34.00       0.00     0.60      0.30       0.09  35615.63            0.02    0.06    0.92
35.00       0.00     0.63      0.27       0.10  26135.71            0.08    0.04    0.88
36.00       0.00     0.63      0.27       0.10  34812.27            0.04    0.00    0.96
37.00       0.00     0.63      0.27       0.10  33301.01            0.04    0.04    0.92
38.00       0.00     0.63      0.25       0.12  39948.94            0.06    0.04    0.90
39.00       0.00     0.63      0.24       0.13  41350.47            0.09    0.04    0.87
40.00       0.00     0.66      0.23       0.11  40350.36            0.00    0.02    0.98
41.00       0.00     0.63      0.27       0.10  46399.42            0.05    0.02    0.93
42.00       0.00     0.68      0.23       0.10  50802.35            0.00    0.03    0.97
43.00       0.00     0.65      0.30       0.05  43061.02            0.02    0.02    0.95
44.00       0.00     0.64      0.28       0.08  45966.02            0.00    0.03    0.97
45.00       0.00     0.60      0.35       0.05  45061.59            0.03    0.03    0.95
46.00       0.00     0.69      0.19       0.11  50096.40            0.00    0.03    0.97
47.00       0.00     0.68      0.22       0.11  60026.21            0.00    0.03    0.97
48.00       0.00     0.69      0.22       0.09  60877.16            0.00    0.03    0.97
49.00       0.00     0.69      0.25       0.06  60958.30            0.00    0.00    1.00
50.00       0.00     0.75      0.09       0.16  61184.03            0.03    0.03    0.94
51.00       0.00     0.70      0.22       0.08  64693.74            0.00    0.03    0.97
52.00       0.00     0.72      0.19       0.09  59875.82            0.03    0.00    0.97
53.00       0.00     0.71      0.20       0.09  65692.00            0.00    0.00    1.00
54.00       0.00     0.66      0.14       0.20  54406.45            0.00    0.00    1.00
55.00       0.00     0.70      0.10       0.20  65586.26            0.00    0.00    1.00
56.00       0.00     0.66      0.21       0.14  78295.23            0.00    0.00    1.00
57.00       0.00     0.67      0.19       0.15  66172.55            0.00    0.00    1.00
58.00       0.00     0.65      0.15       0.19  79394.39            0.00    0.00    1.00
59.00       0.00     0.71      0.19       0.10  72706.85            0.00    0.00    1.00
 single women moments
  Age    No Kids    1 Kid    2 Kids    3+ Kids      Wage    unemployment    full    part
-----  ---------  -------  --------  ---------  --------  --------------  ------  ------
17.00       0.41     0.59      0.00       0.00  20551.16            0.59    0.08    0.32
18.00       0.21     0.62      0.17       0.00  20408.42            0.59    0.03    0.38
19.00       0.07     0.40      0.34       0.19  18915.15            0.59    0.05    0.36
20.00       0.02     0.30      0.23       0.45  18528.61            0.68    0.02    0.30
21.00       0.00     0.21      0.15       0.64  18190.23            0.75    0.02    0.23
22.00       0.00     0.18      0.18       0.65  24264.97            0.71    0.02    0.27
23.00       0.00     0.14      0.12       0.73  28681.29            0.73    0.04    0.23
24.00       0.00     0.10      0.12       0.79  17271.46            0.85    0.02    0.13
25.00       0.00     0.11      0.05       0.84  25729.60            0.85    0.00    0.15
26.00       0.00     0.13      0.02       0.85  19274.84            0.85    0.00    0.15
27.00       0.00     0.08      0.04       0.88  21599.94            0.86    0.02    0.12
28.00       0.00     0.00      0.05       0.95   7417.61            0.95    0.00    0.05
29.00       0.00     0.10      0.02       0.88  32710.21            0.94    0.00    0.06
30.00       0.00     0.06      0.02       0.91  13127.61            0.96    0.00    0.04
31.00       0.00     0.04      0.04       0.92  20756.54            0.96    0.00    0.04
32.00       0.00     0.06      0.04       0.90   9754.66            0.88    0.02    0.10
33.00       0.00     0.00      0.02       0.98  15807.25            0.98    0.00    0.02
34.00       0.00     0.04      0.02       0.94  10799.79            0.91    0.00    0.09
35.00       0.00     0.06      0.08       0.86  20650.99            0.86    0.02    0.12
36.00       0.00     0.04      0.10       0.86  16036.31            0.88    0.04    0.08
37.00       0.00     0.02      0.08       0.90  12630.84            0.94    0.00    0.06
38.00       0.00     0.00      0.12       0.88  19060.00            0.90    0.02    0.08
39.00       0.00     0.04      0.17       0.80  11800.68            0.83    0.02    0.15
40.00       0.00     0.04      0.18       0.79  13465.09            0.61    0.25    0.14
41.00       0.00     0.07      0.17       0.76  14506.96            0.58    0.20    0.22
42.00       0.00     0.05      0.20       0.75  15468.87            0.55    0.23    0.22
43.00       0.00     0.04      0.14       0.82  15033.39            0.47    0.35    0.18
44.00       0.00     0.08      0.16       0.75  14149.02            0.39    0.33    0.28
45.00       0.00     0.10      0.12       0.78  20292.20            0.32    0.35    0.33
46.00       0.00     0.08      0.22       0.70  20217.22            0.22    0.30    0.48
47.00       0.00     0.08      0.21       0.71  18711.89            0.30    0.27    0.43
48.00       0.00     0.12      0.21       0.68  20491.86            0.34    0.21    0.46
49.00       0.00     0.08      0.19       0.73  20837.59            0.36    0.20    0.44
50.00       0.00     0.09      0.26       0.65  21987.63            0.29    0.18    0.53
51.00       0.00     0.06      0.21       0.73  20736.73            0.25    0.21    0.54
52.00       0.00     0.10      0.22       0.68  20606.33            0.19    0.21    0.60
53.00       0.00     0.08      0.22       0.71  24166.42            0.22    0.22    0.57
54.00       0.00     0.11      0.25       0.65  22099.94            0.18    0.22    0.60
55.00       0.00     0.13      0.26       0.61  22127.47            0.21    0.21    0.57
56.00       0.00     0.15      0.21       0.63  21411.32            0.17    0.21    0.62
57.00       0.00     0.16      0.22       0.62  24079.40            0.16    0.18    0.66
58.00       0.00     0.18      0.23       0.59  24476.13            0.12    0.19    0.69
59.00       0.00     0.12      0.22       0.67  27991.16            0.13    0.17    0.70
           Fitted                      Actual    
  Age    marriage    divorce    married    divorce
-----  ----------  ---------  ---------  ---------
17.00        0.26       0.00       0.03       0.00
18.00        0.37       0.09       0.07       0.00
19.00        0.42       0.20       0.13       0.01
20.00        0.47       0.22       0.20       0.01
21.00        0.47       0.26       0.26       0.02
22.00        0.49       0.26       0.32       0.03
23.00        0.44       0.32       0.38       0.04
24.00        0.48       0.29       0.44       0.05
25.00        0.45       0.32       0.48       0.06
26.00        0.47       0.30       0.54       0.07
27.00        0.50       0.27       0.58       0.07
28.00        0.56       0.21       0.61       0.08
29.00        0.51       0.26       0.63       0.09
30.00        0.53       0.24       0.66       0.09
31.00        0.51       0.26       0.69       0.09
32.00        0.50       0.27       0.69       0.10
33.00        0.55       0.22       0.70       0.10
34.00        0.53       0.24       0.70       0.12
35.00        0.49       0.28       0.71       0.13
36.00        0.49       0.28       0.72       0.12
37.00        0.51       0.26       0.71       0.13
38.00        0.51       0.26       0.72       0.14
39.00        0.46       0.31       0.72       0.13
40.00        0.44       0.33       0.71       0.14
41.00        0.41       0.36       0.70       0.15
42.00        0.40       0.37       0.70       0.15
43.00        0.43       0.34       0.70       0.15
44.00        0.39       0.38       0.70       0.16
45.00        0.40       0.37       0.70       0.16
46.00        0.36       0.42       0.70       0.17
47.00        0.37       0.41       0.69       0.18
48.00        0.32       0.46       0.68       0.17
49.00        0.36       0.43       0.70       0.18
50.00        0.32       0.47       0.69       0.18
51.00        0.37       0.42       0.67       0.19
52.00        0.32       0.47       0.62       0.20
           Fitted                      Actual    
  Age    HSD    HSG    SC    CG    PC    HSD    HSG    SC    CG    PC
-----  -----  -----  ----  ----  ----  -----  -----  ----  ----  ----
17.00   1.00   0.00  0.00  0.00  0.00   0.96   0.03  0.01  0.00  0.00
18.00   1.00   0.00  0.00  0.00  0.00   0.46   0.20  0.34  0.00  0.00
19.00   1.00   0.00  0.00  0.00  0.00   0.14   0.32  0.54  0.00  0.00
20.00   1.00   0.00  0.00  0.00  0.00   0.11   0.32  0.57  0.00  0.00
21.00   1.00   0.00  0.00  0.00  0.00   0.10   0.32  0.56  0.02  0.00
22.00   1.00   0.00  0.00  0.00  0.00   0.09   0.32  0.44  0.14  0.00
23.00   1.00   0.00  0.00  0.00  0.00   0.09   0.32  0.35  0.23  0.01
24.00   1.00   0.00  0.00  0.00  0.00   0.09   0.32  0.32  0.26  0.02
25.00   1.00   0.00  0.00  0.00  0.00   0.08   0.31  0.32  0.25  0.04
26.00   1.00   0.00  0.00  0.00  0.00   0.07   0.31  0.31  0.27  0.04
27.00   1.00   0.00  0.00  0.00  0.00   0.07   0.30  0.30  0.27  0.06
28.00   1.00   0.00  0.00  0.00  0.00   0.06   0.29  0.33  0.25  0.07
29.00   1.00   0.00  0.00  0.00  0.00   0.06   0.28  0.32  0.26  0.08
30.00   0.00   0.00  0.00  0.00  0.00   0.06   0.29  0.31  0.26  0.09
assortative mating:        Fitted                      Actual    
row:wife, column:husband
  HSD    HSG    SC    CG    PC          HSD    HSG    SC    CG    PC
-----  -----  ----  ----  ----  ----  -----  -----  ----  ----  ----
 0.25   0.28  0.46  0.00  0.00  1.00   0.28   0.05  0.02  0.00  0.00
 0.00   0.00  0.00  0.00  0.00  2.00   0.44   0.50  0.22  0.09  0.04
 0.00   0.00  0.00  0.00  0.00  3.00   0.21   0.29  0.48  0.23  0.14
 0.00   0.00  0.00  0.00  0.00  4.00   0.05   0.13  0.22  0.51  0.42
 0.00   0.00  0.00  0.00  0.00  5.00   0.01   0.03  0.06  0.17  0.40
0.0
